SUBJECT: SRI 0208
SE for all days: [95.1923076923077, 94.08602150537635, 94.24083769633508, 95.23809523809523, 97.43589743589743, 90.98360655737704, 89.16083916083916]
Average: 93.76251504088971
Len: 7
TST: [495, 525, 540, 540, 570, 555, 510]
WASO: [5, 3, 3, 2, 5, 0, 2]
SOl: [10, 10, 10, 5, 10, 5, 10]
COFF: [0, 0, 0, 0, 0, 0, 0]

SUBJECT: SRI 0205
SE for all days: [94.6236559139785, 97.45762711864407, 89.36170212765957, 91.796875, 91.85606060606061, 89.04109589041096, 95.57344064386318]
Average: 92.81577961437384
Len: 7
TST: [440, 460, 420, 470, 485, 455, 475]
WASO: [10, 2, 20, 10, 10, 0, 2]
SOl: [10, 5, 5, 2, 3, 1, 5]
COFF: [0, 0, 0, 0, 0, 0, 0]

SUBJECT: SRI 0209
SE for all days: [78.46153846153847, 81.35593220338984, 89.10891089108911, 85.07462686567165, 89.7196261682243, 95.14563106796116, 87.5]
Average: 86.62375223683921
Len: 7
TST: [510, 480, 450, 570, 480, 490, 420]
WASO: [20, 0, 0, 30, 10, 20, 0]
SOl: [60, 20, 40, 10, 15, 5, 15]
COFF: [0, 2, 1, 1, 2, 1, 1]

SUBJECT: SRI 0203
SE for all days: [80.95238095238095, 87.93103448275862, 82.35294117647058, 96.0, 80.0, 76.8, 81.25]
Average: 83.61233665880147
Len: 7
TST: [510, 510, 420, 480, 480, 480, 390]
WASO: [30, 30, 30, 10, 10, 5, 10]
SOl: [20, 10, 60, 10, 10, 15, 20]
COFF: [2, 2, 3, 4, 3, 2, 2]

SUBJECT: SRI 0202
SE for all days: [53.84615384615385, 78.94736842105263, 85.71428571428571, 71.1864406779661, 84.95575221238938]
Average: 74.93000017436954
Len: 5
TST: [315, 450, 480, 420, 480]
WASO: [120, 60, 60, 60, 50]
SOl: [60, 30, 20, 90, 30]
COFF: [2, 2, 2, 2, 2]

SUBJECT: SRI 0217
SE for all days: [89.36170212765957, 96.5909090909091, 96.7741935483871, 95.1923076923077, 92.3076923076923]
Average: 94.04536095339115
Len: 5
TST: [420, 510, 540, 495, 420]
WASO: [20, 3, 3, 10, 5]
SOl: [15, 15, 15, 15, 15]
COFF: [5, 5, 5, 3, 3]

SUBJECT: SRI 0210
SE for all days: [81.25, 93.33333333333333, 94.3820224719101, 93.75, 92.62435677530017, 94.86166007905138, 95.57522123893806]
Average: 92.25379912836185
Len: 7
TST: [390, 420, 420, 525, 540, 480, 540]
WASO: [20, 10, 5, 5, 5, 2, 5]
SOl: [60, 15, 15, 15, 15, 15, 15]
COFF: [1, 2, 1, 2, 2, 3, 2]

SUBJECT: SRI 0211
SE for all days: [92.5, 78.94736842105263, 73.68421052631578]
Average: 81.71052631578947
Len: 3
TST: [370, 300, 420]
WASO: [10, 30, 15]
SOl: [20, 30, 15]
COFF: [0, 0, 0]

SUBJECT: SRI 0213
SE for all days: [94.18604651162791, 96.84210526315789, 96.84210526315789, 95.83333333333334, 97.19222462203024, 96.96969696969697, 96.7032967032967]
Average: 96.36697266661443
Len: 7
TST: [405, 460, 460, 460, 450, 480, 440]
WASO: [15, 5, 5, 10, 3, 5, 5]
SOl: [10, 10, 10, 10, 10, 10, 10]
COFF: [4, 3, 4, 4, 3, 4, 4]

SUBJECT: SRI 0215
SE for all days: [87.74509803921569, 79.61538461538461, 77.96257796257797, 90.9090909090909, 95.28907922912205, 88.50325379609545, 92.3076923076923]
Average: 87.47602526559699
Len: 7
TST: [358, 414, 375, 460, 445, 408, 660]
WASO: [1, 1, 1, 1, 0, 1, 30]
SOl: [45, 35, 45, 5, 5, 5, 5]
COFF: [1, 1, 1, 1, 0, 0, 0]

